276 122
927 511
1354 985
979 650
591 255
1128 958
1051 664
562 911
1165 761
139 276
286 203
315 136
208 123
24 88
206 65
297 192
117 248
85 44
324 131
1134 1028
487 208
991 504
904 552
981 724
979 414
919 474
1315 992
1005 747
1183 891
1235 936
1142 1066
1375 1055
1384 1016
1474 1049
1436 1058
1411 1044
1507 1059
1445 1023
1494 1035
1028 786
892 756
890 746
939 739
1100 678
1002 643
903 642
893 658
1065 595
946 460
958 452
1065 409
1136 363
197 317
105 253
180 185
148 114
162 75
197 128
1402 324
1372 322
