1023 251
1161 160
1125 261
968 169
805 399
1311 160
868 194
1329 276
975 366
909 280
1157 275
819 265
879 192
884 249
808 192
1181 264
931 181
1117 178
748 564
753 230
899 401
1066 197
1445 376
860 316
1076 390
850 222
849 278
873 228
1528 589
734 525
622 577
840 338
858 281
981 166
231 965
976 366
906 197
920 180
756 271
1591 863
493 746
806 524
920 279
794 535
854 246
757 557
950 368
908 404
921 406
915 410
867 321
858 195
875 190
975 314
1058 222
1101 194
1213 174
1217 175
1443 394
1434 399
1434 426
