348 233
196 821
147 277
864 398
444 444
1086 559
1054 403
1044 162
675 495
909 361
1102 571
960 201
1061 553
1072 409
995 407
225 827
866 411
1015 517
842 385
836 349
493 369
255 805
1024 409
940 487
1051 502
931 503
728 476
1035 496
890 528
1061 527
997 510
1030 397
941 405
1061 482
84 903
84 895
21 880
103 826
99 318
129 317
184 291
372 234
517 182
277 718
284 682
277 698
306 698
297 705
306 716
290 724
298 662
303 674
307 682
261 687
277 668
283 738
330 616
300 648
315 662
356 613
333 602
357 600
993 425
854 370
1023 416
844 412
834 423
830 428
834 434
830 445
953 183
991 175
1028 156
776 221
1081 166
1083 168
