1162 442
592 619
380 312
1281 428
1065 478
1054 400
1192 395
1208 348
1907 561
1092 506
1474 577
1092 545
1484 482
1297 634
889 395
1280 627
1227 400
954 394
660 557
763 371
1202 549
961 567
641 343
1142 543
1336 589
1390 606
1335 461
862 376
1442 586
816 728
1519 623
1152 522
606 494
847 727
775 638
879 569
756 789
1604 363
1536 358
1352 290
1340 314
1329 362
1428 101
1427 135
1462 87
1425 229
1383 273
1346 270
1333 276
1353 254
1145 371
1125 395
1108 378
1125 360
794 368
805 366
826 373
685 360
645 392
446 319
426 265
441 247
