759 263
977 546
909 108
421 336
971 671
873 417
906 278
898 277
867 298
97 492
856 180
944 72
815 154
709 335
116 421
1210 71
1317 47
943 595
1232 170
1798 5
705 308
1323 47
970 737
105 362
1148 6
810 261
912 653
961 764
1135 55
1140 54
1238 49
1657 40
893 422
1149 61
632 318
398 348
928 593
1206 71
1227 487
921 451
885 291
1189 578
1216 351
654 306
963 569
1124 39
688 321
1216 578
943 568
926 350
1247 47
1651 38
1136 187
914 432
1604 335
1037 218
998 752
795 449
1002 200
676 121
927 401
11 407
766 263
1854 376
1807 102
1799 104
1796 107
1438 258
1327 303
1462 326
1305 349
