3 914
916 828
470 649
968 403
1376 693
6 872
1023 830
743 448
799 782
705 232
606 412
434 1005
215 809
560 660
1304 280
400 721
1500 282
846 405
954 815
907 344
1376 274
768 207
1302 205
1313 211
594 410
991 378
1262 254
866 344
571 822
82 940
1353 227
1380 238
1431 245
914 390
903 389
726 366
1195 273
855 231
1165 263
882 616
1454 285
1185 271
1201 298
1305 247
982 415
99 952
1576 779
1608 782
839 420
840 406
840 412
846 420
1138 155
1183 155
1248 158
1296 140
1375 129
1298 24
1273 19
1267 4
1280 15
1280 20
1290 41
1316 22
