829 1053
1065 506
1676 896
1070 15
1129 597
1443 751
1207 705
984 459
890 498
1074 92
1005 87
988 221
917 518
916 399
951 533
823 422
1248 718
867 434
1768 927
1738 963
1566 926
1497 982
1435 859
1705 877
1364 780
1349 587
1514 594
1450 599
1454 558
1567 608
1611 601
1586 568
1604 564
1613 570
1631 594
1891 566
1668 514
1713 540
1756 549
1821 556
1860 557
1293 509
1120 500
1149 537
926 583
890 535
879 537
834 450
835 391
844 379
740 300
889 264
903 177
965 4
1106 154
1086 171
1082 1018
790 997
804 1000
311 356
1029 159
