421 359
774 428
1508 737
313 1067
1221 334
885 451
1051 144
674 505
1780 133
668 491
240 571
1710 403
733 240
1603 184
1908 837
1496 165
1512 737
1266 131
1286 227
254 569
1857 806
1058 209
868 510
1041 166
1120 138
1216 311
678 475
241 570
1122 184
1411 190
1159 330
926 198
417 357
1134 189
880 412
1190 571
1250 118
812 479
1186 108
1256 170
972 628
1018 250
917 218
904 453
960 243
1524 724
496 255
1124 384
729 603
770 419
894 216
1256 170
480 250
696 537
729 452
868 424
1078 222
1299 893
755 601
475 279
462 277
444 270
464 272
490 246
497 239
516 241
483 278
494 293
504 294
556 267
574 237
568 253
834 223
859 198
908 199
901 199
892 196
889 209
938 203
939 190
986 314
1303 251
1206 87
1464 142
1501 165
1513 133
1616 151
1675 131
1794 137
1766 154
1788 98
