9 717
1016 193
58 240
231 260
231 260
58 243
1863 760
115 230
1109 229
1423 167
1521 271
1466 389
1478 378
1694 531
1616 295
1679 516
1130 226
1509 62
1399 130
1442 171
1845 822
1134 389
38 228
1028 305
1539 336
1856 822
1147 282
1233 347
522 97
1494 284
788 561
1142 205
519 291
1128 282
428 772
896 393
636 694
832 437
1392 284
1625 471
296 653
904 471
539 480
1837 886
1669 481
1678 240
1413 130
1389 86
1365 89
1372 90
1442 95
1059 273
1069 268
1053 213
1034 232
1023 195
1058 140
966 125
1117 165
1074 125
