1072 427
948 544
1820 600
1016 439
1248 584
1064 451
808 288
712 763
866 297
1754 587
1802 591
1347 683
1095 617
931 396
905 512
956 549
1116 663
1737 611
1106 663
981 452
1107 686
987 538
1783 595
1106 725
792 1047
1430 578
1061 427
737 957
1719 653
596 946
1806 997
1096 618
1060 640
1094 784
640 1060
1087 455
1751 610
1363 683
1078 454
609 945
925 426
968 672
1711 650
918 478
1046 417
1031 671
688 1006
479 988
1028 601
469 1049
1087 616
1042 451
1081 483
1012 660
863 961
1023 662
1108 518
46 330
63 302
229 355
239 333
1118 685
1834 735
1827 740
1824 744
1799 551
1791 549
1785 557
1888 516
1857 519
1864 537
1772 368
1813 355
1009 437
1120 441
1065 476
931 432
603 281
610 289
613 291
