1040 295
1854 479
1058 295
367 227
1065 306
1471 677
177 228
34 985
938 657
721 259
586 71
788 612
637 182
965 299
536 835
796 267
659 65
680 324
968 300
866 257
1251 536
964 602
1501 676
864 257
637 293
947 654
765 611
758 422
807 624
1378 470
910 309
945 239
971 878
440 256
936 304
920 250
937 565
945 303
716 437
956 603
885 303
643 380
699 432
948 355
924 541
923 648
721 236
877 268
903 541
819 489
1879 156
1870 132
1049 281
998 274
1038 292
828 260
824 256
806 199
729 201
564 200
442 266
416 203
344 160
394 108
388 94
397 94
381 92
375 88
370 93
366 89
380 73
360 74
331 218
337 217
262 212
191 226
