1554 153
1386 140
261 339
1851 133
79 873
1406 184
139 771
906 145
1830 137
513 570
1658 229
824 205
1807 117
516 277
599 261
719 775
1152 93
1694 619
1737 151
254 359
465 866
532 1049
1164 85
1023 426
1337 211
1339 73
629 239
76 777
538 268
681 227
1179 119
589 252
921 232
1168 322
961 125
859 548
422 873
1041 84
1087 307
1228 164
934 236
669 449
301 342
946 247
958 281
492 585
757 264
745 574
838 297
103 791
96 944
4 877
1553 121
1766 109
1759 118
1896 69
1520 57
1446 27
1617 46
1566 46
1566 39
105 313
179 313
540 279
553 273
570 273
615 226
723 202
733 211
665 224
955 254
1257 54
1210 55
1181 48
1185 52
1189 53
1398 183
