1040 715
774 535
873 754
967 674
106 274
1044 711
1422 999
211 40
74 222
891 750
1041 945
1048 761
1050 728
913 722
985 666
918 667
937 626
92 191
901 534
992 752
820 612
1046 895
1162 978
824 554
1059 1018
827 515
19 249
1216 941
219 32
1478 1030
1418 965
1294 950
1262 926
1327 953
1336 1008
1367 954
1334 982
1320 1035
1436 963
1310 1010
1184 262
1155 280
1168 284
1166 270
1184 289
888 411
813 446
789 473
776 478
1016 798
1075 864
972 1026
882 1022
569 837
164 559
172 570
28 208
7 233
24 166
3 38
81 217
