729 410
678 272
1016 440
430 93
751 537
1017 443
350 12
1015 421
718 317
1027 421
399 47
920 611
703 442
332 79
1102 592
417 97
716 343
412 115
994 401
177 411
762 400
1005 387
676 317
966 384
1233 751
885 410
1157 720
1110 546
1245 723
796 608
170 378
560 556
748 379
981 390
1097 562
904 580
1017 614
1063 619
1122 654
721 494
717 476
716 444
716 438
715 426
715 413
750 415
754 395
677 355
114 598
86 636
186 415
191 433
391 129
416 117
568 74
581 70
528 64
249 66
195 73
206 71
211 69
266 62
296 91
