1017 135
967 209
792 375
1128 271
1042 169
1028 461
430 449
1687 413
598 238
1676 409
930 318
952 225
1034 168
597 721
1105 138
885 349
1176 258
743 206
897 340
1066 174
446 447
805 313
647 281
585 733
201 897
547 730
928 456
949 459
1093 558
856 311
325 336
943 319
79 1034
919 236
635 708
164 1010
425 295
452 300
532 242
553 226
561 228
579 213
844 188
876 185
879 187
895 192
903 185
925 178
930 181
951 257
865 312
800 360
896 327
1689 424
1532 138
1542 140
1495 302
1605 476
1498 474
1492 482
1197 506
1092 377
1124 257
1179 191
1178 219
1248 178
560 254
532 222
530 212
998 464
1318 140
1311 150
1395 135
1484 112
1214 270
970 155
1120 139
1306 100
