1341 386
268 222
405 563
939 274
939 272
896 289
878 301
1168 222
1141 128
506 277
1148 94
526 735
969 513
1404 611
1240 53
686 569
944 291
306 678
1173 139
1096 277
641 353
1279 250
338 261
393 719
40 167
945 231
105 292
858 656
831 457
176 483
1474 794
1024 373
1230 75
1438 397
799 413
649 609
1746 869
1136 552
1328 623
959 591
866 719
896 687
667 566
843 580
600 816
1646 812
1137 357
1010 683
783 776
843 690
1020 276
1000 248
1334 262
1208 106
1173 101
1163 90
1166 74
1179 71
243 1006
608 654
406 474
468 264
245 573
33 330
163 200
234 319
7 155
