1289 575
661 248
752 865
1083 743
984 610
1185 581
1691 839
1391 716
1229 307
1203 685
1237 610
572 969
1094 815
1012 450
981 611
1626 826
782 821
1521 778
1268 835
1392 695
751 965
1412 766
1053 551
624 941
1658 885
1220 869
1276 201
630 953
1274 681
1713 873
1346 929
1039 464
970 599
1288 226
399 27
1098 461
1263 670
1038 527
1229 802
763 924
1114 442
566 959
1435 937
1342 816
1073 573
763 871
966 460
1034 428
1014 552
1033 604
1108 626
1263 596
1358 1044
1759 830
1670 831
1648 841
1669 846
1616 877
1498 824
1569 833
738 962
1046 422
1128 357
1184 313
1385 187
1402 189
1393 216
1389 234
1366 237
