1071 279
1346 177
1820 188
646 445
1092 245
1293 187
642 348
455 612
1149 1049
1084 244
427 773
1683 912
1382 1063
1151 1050
1210 200
958 264
302 525
595 442
499 509
1280 195
1020 483
925 220
1226 419
866 213
766 438
1026 861
768 441
1103 331
945 225
819 348
1524 1047
922 466
1190 844
1015 1001
1101 1015
1381 1063
489 509
846 259
417 480
521 551
819 619
885 143
500 482
1160 872
1474 981
1608 1016
856 581
909 461
979 384
940 286
945 286
832 162
1064 285
1033 166
1132 203
1203 197
1300 197
1294 206
1327 184
1382 168
1414 300
1419 312
1446 207
1460 230
1449 205
