772 405
1330 297
1286 540
759 421
826 996
693 417
1443 267
1174 357
1503 267
499 760
1473 245
1591 267
616 927
1285 542
1669 236
1179 617
390 595
1182 416
1522 219
1882 240
1055 535
1376 125
803 1011
977 737
1213 211
1381 265
896 319
410 896
860 647
1533 292
848 666
1305 356
1044 533
716 463
808 528
809 1036
1442 906
877 510
884 366
1249 570
1203 592
1185 601
1155 353
1254 298
1417 281
1543 316
1435 265
1509 226
1614 168
1834 292
1726 165
1576 104
1668 115
1734 130
1828 140
1820 94
1846 93
1866 94
1896 415
1814 523
1822 521
