1432 165
445 488
907 367
1809 584
1765 594
1202 136
660 54
1424 419
1029 496
1400 508
915 235
463 467
803 389
809 271
499 461
1275 162
1194 103
54 54
799 803
1198 9
1267 162
595 435
60 50
961 910
1199 882
85 14
999 904
898 368
1200 166
993 696
1863 113
1279 174
918 525
1447 166
1306 11
1518 560
975 899
661 370
1186 153
604 421
1287 177
914 502
936 929
1276 485
1296 461
1192 155
945 883
1191 155
763 528
907 473
872 329
534 430
1798 158
1608 471
948 842
865 507
1000 448
1827 110
1208 272
1789 155
969 363
1638 75
964 879
1429 38
1279 104
1839 111
1212 104
879 511
1064 350
660 47
1286 302
975 951
1175 883
1291 104
